120
114
112
108
104
102
100
96
92
90
80
78
130
124
121
117
113
111
108
104
100
98
87
85
140
133
130
126
122
119
116
112
108
105
94
91
150
143
140
135
131
128
125
120
116
113
101
98
160
152
149
144
139
136
133
128
123
120
107
104
170
162
158
153
148
145
141
136
131
128
114
111
180
171
167
162
157
153
149
144
139
135
121
117
190
181
177
171
165
162
158
152
146
143
127
124
200
190
186
180
174
170
166
160
154
150
134
130
210
200
195
189
183
179
174
168
162
158
141
137
220
209
205
198
191
187
183
176
169
165
147
143
230
219
214
207
200
196
191
184
177
173
154
150
240
228
223
216
209
204
199
192
185
180
161
156
250
238
233
225
218
213
208
200
193
188
168
163
260
247
242
234
226
221
206
208
200
195
174
169
270
257
251
243
235
230
224
216
208
203
181
176
280
266
260
252
244
238
232
224
216
210
188
182
290
276
270
261
252
247
241
232
223
218
194
189
300
285
279
270
261
255
249
240
231
225
201
195
310
295
288
279
270
264
257
248
239
233
208
202
320
304
298
288
278
272
266
256
246
240
214
208
330
314
307
297
287
281
274
264
254
248
221
215
340
323
316
306
296
289
282
272
262
255
228
221
350
333
326
315
305
298
291
280
270
263
235
228
360
342
335
324
313
306
299
288
277
270
241
234
Maximum repetitions (RM)
1
2
3
4
5
6
7
8
9
10
12
15
%1RM
370
352
344
333
322
315
307
296
285
278
248
241
Load (pounds or kilograms)
380
361
353
342
331
323
315
304
293
285
255
247
390
371
363
351
339
332
324
312
300
293
261
254
400
380
372
360
348
340
332
320
308
300
268
260
Data from Hoeger et al. (1987); Hoeger et al. (1990); Mayhew et al. (1992).
1230
